OBJECT A                
1 60468U 24149A   24262.14549161  .00015846  00000+0  78332-3 0  9990
2 60468  97.4381 337.1501 0002941 325.6155  34.4888 15.17919356  4906
WARATAH SEED-1          
1 60469U 24149B   24262.14506291  .00021204  00000+0  10438-2 0  9995
2 60469  97.4373 337.1487 0001556 332.5355  27.5797 15.18005359  4903
PHISAT 2                
1 60470U 24149C   24261.88095975  .00018330  00000+0  90640-3 0  9999
2 60470  97.4415 336.9051 0001194   8.3508 351.7746 15.17879623  4865
LEMUR-2-TOMATOKECHUP    
1 60471U 24149D   24262.14183231  .00017794  00000+0  87568-3 0  9991
2 60471  97.4435 337.1765 0001829 359.6727   0.4505 15.18051531  4900
CONNECTA IOT-1          
1 60472U 24149E   24262.14323913  .00010704  00000+0  53258-3 0  9998
2 60472  97.4412 337.1656 0002192  21.2504 338.8820 15.17787480  4900
OBJECT F                
1 60473U 24149F   24262.00777809  .00021249  00000+0  10395-2 0  9991
2 60473  97.4428 337.0465 0002068  26.8918 333.2423 15.18221456  4889
OBJECT G                
1 60474U 24149G   24262.20531447  .00020004  00000+0  97868-3 0  9999
2 60474  97.4426 337.2413 0002032  28.3736 331.7608 15.18231977  4910
CONNECTA IOT-3          
1 60475U 24149H   24262.14201241  .00011441  00000+0  56798-3 0  9991
2 60475  97.4364 337.1466 0003693   1.6833 358.4412 15.17845591  4905
QUBE                    
1 60476U 24149J   24262.20176737  .00023059  00000+0  11182-2 0  9995
2 60476  97.4429 337.2484 0002752   4.9742 355.1519 15.18508863  4911
SATORO-T2               
1 60477U 24149K   24262.19503606  .00028562  00000+0  13602-2 0  9996
2 60477  97.4388 337.2409 0001884   0.9864 359.1373 15.19095791  4913
WREN-1                  
1 60478U 24149L   24262.19960140  .00024732  00000+0  11928-2 0  9991
2 60478  97.4404 337.2416 0006798   9.6185 350.5178 15.18668991  4917
TOMORROW-S1             
1 60479U 24149M   24262.20396722  .00016725  00000+0  82035-3 0  9994
2 60479  97.4379 337.2241 0002868  17.1227 343.0103 15.18178706  4915
FLOCK 4BE-18            
1 60480U 24149N   24262.20195637  .00017978  00000+0  87683-3 0  9993
2 60480  97.4395 337.2317 0005581   3.8871 356.2405 15.18351524  4913
FLOCK 4BE-7             
1 60481U 24149P   24262.20101899  .00018251  00000+0  88908-3 0  9997
2 60481  97.4424 337.2480 0004327   5.7837 354.3446 15.18395439  4915
FLOCK 4BE-4             
1 60482U 24149Q   24262.19972265  .00076451  00000+0  36260-2 0  9998
2 60482  97.4420 337.2477 0003834   6.3907 353.7376 15.18955012  4919
FLOCK 4BE-16            
1 60483U 24149R   24262.20069546  .00019867  00000+0  96596-3 0  9997
2 60483  97.4409 337.2408 0003988   8.6706 351.4596 15.18445955  4912
FLOCK 4BE-26            
1 60484U 24149S   24262.19850884  .00018588  00000+0  90165-3 0  9994
2 60484  97.4378 337.2286 0004898   6.8360 353.2940 15.18537141  4911
TOMORROW-S2             
1 60485U 24149T   24261.80618424  .00018281  00000+0  89315-3 0  9999
2 60485  97.4441 336.8634 0003200  21.3604 338.7763 15.18296146  4855
FLOCK 4BE-36            
1 60486U 24149U   24262.19903225  .00020550  00000+0  99638-3 0  9990
2 60486  97.4387 337.2309 0006308  13.5998 346.5405 15.18524898  4915
FLOCK 4BE-25            
1 60487U 24149V   24261.80153861  .00018833  00000+0  91305-3 0  9995
2 60487  97.4438 336.8695 0003712  15.3240 344.8106 15.18558231  4852
FLOCK 4BE-31            
1 60488U 24149W   24262.19680413  .00020138  00000+0  97272-3 0  9997
2 60488  97.4436 337.2594 0004391  15.2953 344.8413 15.18669858  4914
FLOCK 4BE-20            
1 60489U 24149X   24262.19536198  .00015812  00000+0  76553-3 0  9990
2 60489  97.4366 337.2281 0005110  11.9655 348.1699 15.18639160  4918
FLOCK 4BE-23            
1 60490U 24149Y   24262.19788610  .00016992  00000+0  82574-3 0  9990
2 60490  97.4431 337.2560 0004795  12.8764 347.2591 15.18494046  4915
FLOCK 4BE-15            
1 60491U 24149Z   24262.19705114  .00018445  00000+0  89366-3 0  9990
2 60491  97.4362 337.2244 0005400  15.8031 344.3371 15.18579142  4917
FLOCK 4BE-17            
1 60492U 24149AA  24262.19696648  .00016819  00000+0  81654-3 0  9997
2 60492  97.4440 337.2617 0004154  17.3364 342.8011 15.18532290  4917
OBJECT AB               
1 60493U 24149AB  24262.19581881  .00018727  00000+0  90540-3 0  9994
2 60493  97.4420 337.2550 0005041  18.8148 341.3272 15.18651196  4914
FLOCK 4BE-22            
1 60494U 24149AC  24262.19567740  .00018610  00000+0  90004-3 0  9999
2 60494  97.4380 337.2317 0006315  21.6266 338.5234 15.18633419  4913
FLOCK 4BE-34            
1 60495U 24149AD  24261.79916889  .00018552  00000+0  89744-3 0  9991
2 60495  97.4428 336.8715 0004581  20.5827 339.5591 15.18635100  4857
TYCHE                   
1 60496U 24149AE  24261.93406319  .00012050  00000+0  58971-3 0  9995
2 60496  97.4412 336.9885 0005506  29.2286 330.9255 15.18325402  4878
FLOCK 4BE-32            
1 60497U 24149AF  24262.19079009  .00017975  00000+0  86325-3 0  9992
2 60497  97.4362 337.2323 0005679  21.2126 338.9343 15.18889551  4911
OBJECT AG               
1 60498U 24149AG  24262.19370158  .00018169  00000+0  87599-3 0  9992
2 60498  97.4387 337.2384 0006110  26.6453 333.5094 15.18747587  4915
FLOCK 4BE-30            
1 60499U 24149AH  24261.79698829  .00019664  00000+0  94642-3 0  9994
2 60499  97.4441 336.8792 0004519  27.1974 332.9496 15.18800012  4237
OBJECT AJ               
1 60500U 24149AJ  24262.19296648  .00018096  00000+0  87197-3 0  9990
2 60500  97.4415 337.2578 0004928  24.5745 335.5723 15.18775695  4914
FLOCK 4BE-11            
1 60501U 24149AK  24261.79621199  .00020008  00000+0  96152-3 0  9996
2 60501  97.4368 336.8432 0006153  28.4431 331.7139 15.18840963  4856
FLOCK 4BE-33            
1 60502U 24149AL  24261.79456219  .00017054  00000+0  82032-3 0  9995
2 60502  97.4383 336.8502 0006018  34.1466 326.0155 15.18843218  4855
FLOCK 4BE-10            
1 60503U 24149AM  24262.19028071  .00024509  00000+0  11752-2 0  9995
2 60503  97.4429 337.2699 0004314  33.7728 326.3781 15.18884257  4915
OBJECT AN               
1 60504U 24149AN  24262.19091885  .00013819  00000+0  66781-3 0  9994
2 60504  97.4415 337.2598 0004954  38.4696 321.6890 15.18734090  4913
FLOCK 4BE-24            
1 60505U 24149AP  24261.79033993  .00023301  00000+0  11088-2 0  9992
2 60505  97.4366 336.8504 0006142  33.7120 326.4504 15.19151772  4851
LUR-1                   
1 60506U 24149AQ  24261.79458608  .00011374  00000+0  55065-3 0  9998
2 60506  97.4402 336.8613 0005744  44.1380 316.0312 15.18715856  4855
TANAGER-1               
1 60507U 24149AR  24261.92400674  .00021097  00000+0  10077-2 0  9990
2 60507  97.4400 336.9942 0005375  39.8814 320.2815 15.19045912  4870
EAGLEEYE                
1 60508U 24149AS  24261.78714123  .00029357  00000+0  13810-2 0  9997
2 60508  97.4384 336.8635 0005519  39.0554 321.1078 15.19503561  4851
FLOCK 4BE-29            
1 60509U 24149AT  24261.78895481  .00022593  00000+0  10723-2 0  9990
2 60509  97.4439 336.8907 0004868  44.1240 316.0382 15.19254392  4856
OBJECT AU               
1 60510U 24149AU  24262.18487428  .00019026  00000+0  90603-3 0  9998
2 60510  97.4379 337.2456 0006005  43.3836 316.7870 15.19168492  4913
FLOCK 4BE-2             
1 60511U 24149AV  24261.78509521  .00020911  00000+0  98761-3 0  9991
2 60511  97.4444 336.8961 0004821  47.1359 313.0280 15.19440834  4850
FLOCK 4BE-13            
1 60512U 24149AW  24261.78822929  .00019182  00000+0  91247-3 0  9992
2 60512  97.4357 336.8522 0006647  36.4225 323.7460 15.19200753  4850
FLOCK 4BE-27            
1 60513U 24149AX  24262.11639535  .00014492  00000+0  69172-3 0  9991
2 60513  97.4440 337.2152 0006094  50.7582 309.4192 15.19147252  4902
FLOCK 4BE-9             
1 60514U 24149AY  24261.78514567  .00019398  00000+0  91908-3 0  9993
2 60514  97.4423 336.8880 0004940  54.1859 305.9834 15.19346200  4852
FLOCK 4BE-8             
1 60515U 24149AZ  24262.18056035  .00016421  00000+0  77926-3 0  9998
2 60515  97.4372 337.2502 0006579  44.4147 315.7614 15.19317980  4919
FLOCK 4BE-6             
1 60516U 24149BA  24262.17939556  .00016530  00000+0  78355-3 0  9994
2 60516  97.4428 337.2798 0005429  53.1217 307.0515 15.19361401  4918
FLOCK 4BE-14            
1 60517U 24149BB  24262.17502720  .00019496  00000+0  91502-3 0  9997
2 60517  97.4375 337.2612 0006891  43.6258 316.5520 15.19662157  4911
FLOCK 4BE-1             
1 60518U 24149BC  24262.17622975  .00019453  00000+0  91472-3 0  9992
2 60518  97.4423 337.2804 0006147  49.7809 310.3962 15.19602402  4911
FLOCK 4BE-28            
1 60519U 24149BD  24262.17732212  .00019722  00000+0  92774-3 0  9994
2 60519  97.4386 337.2632 0007517  43.4680 316.7146 15.19576356  4911
IPERDRONE.0             
1 60520U 24149BE  24262.17203280  .00027665  00000+0  12821-2 0  9993
2 60520  97.4392 337.2734 0007200  40.3946 319.7823 15.20024775  4913
OBJECT BF               
1 60521U 24149BF  24262.16879928  .00028664  00000+0  13176-2 0  9995
2 60521  97.4415 337.2860 0006947  42.2625 317.9145 15.20299459  4912
CONNECTA IOT-2          
1 60522U 24149BG  24262.17545239  .00012962  00000+0  61423-3 0  9995
2 60522  97.4436 337.2853 0008187  49.1202 311.0741 15.19410882  4913
PTD-R (TYVAK-0127)      
1 60523U 24149BH  24262.16496926  .00034101  00000+0  15542-2 0  9992
2 60523  97.4367 337.2709 0007670  37.9039 322.2735 15.20551102  4916
CONNECTA IOT-4          
1 60524U 24149BJ  24262.17456893  .00012106  00000+0  57352-3 0  9990
2 60524  97.4398 337.2708 0008864  44.0183 316.1756 15.19433768  4915
OBJECT BK               
1 60525U 24149BK  24262.16864702  .00022400  00000+0  10394-2 0  9994
2 60525  97.4355 337.2615 0009109  36.6508 323.5349 15.20011102  4913
DEIMOS                  
1 60526U 24149BL  24262.16779738  .00021927  00000+0  10168-2 0  9991
2 60526  97.4417 337.2879 0009173  41.8768 318.3167 15.20037485  4914
CUAVA 2                 
1 60527U 24149BM  24262.16775654  .00019876  00000+0  92331-3 0  9998
2 60527  97.4365 337.2675 0009472  34.8578 325.3275 15.19995714  4918
ERNST                   
1 60528U 24149BN  24261.90848049  .00014158  00000+0  66703-3 0  9991
2 60528  97.4426 337.0262 0009744  45.4684 314.7345 15.19578460  4875
GAINDESAT-1A            
1 60529U 24149BP  24262.15790224  .00036877  00000+0  16590-2 0  9991
2 60529  97.4438 337.3082 0008790  37.2233 322.9611 15.20972033  4919
TORO                    
1 60530U 24149BQ  24262.17017903  .00007172  00000+0  72076-3 0  9999
2 60530  97.7458 337.0774 0001257  89.5841 270.5522 14.91548233  4813
OBJECT BR               
1 60531U 24149BR  24262.16876408  .00010439  00000+0  10419-2 0  9994
2 60531  97.7454 337.0774 0000874  86.3481 273.7838 14.91706392  4816
OBJECT BS               
1 60532U 24149BS  24262.16650888  .00009259  00000+0  92341-3 0  9990
2 60532  97.7481 337.0913 0001557  77.2027 282.9365 14.91770523  4810
LEMUR-2-STELLA          
1 60533U 24149BT  24262.15952102  .00022149  00000+0  21576-2 0  9998
2 60533  97.7426 337.0808 0000527  45.2370 314.8892 14.92497860  4816
SATELIOT_2              
1 60534U 24149BU  24261.89769728  .00007618  00000+0  76143-3 0  9994
2 60534  97.7478 336.8271 0001964  88.3104 271.8339 14.91743951  4782
NIGHTJAR                
1 60535U 24149BV  24262.16464351  .00010666  00000+0  10594-2 0  9994
2 60535  97.7500 337.1007 0002202  88.5353 271.6118 14.91892575 47624
LEMUR-2-MARHISYAM       
1 60536U 24149BW  24262.15853514  .00020972  00000+0  20444-2 0  9993
2 60536  97.7408 337.0734 0001285  34.9899 325.1404 14.92481969  4817
SATELIOT_4              
1 60537U 24149BX  24261.89482772  .00007208  00000+0  71852-3 0  9995
2 60537  97.7389 336.7974 0002517  40.4013 319.7393 14.91867589  4773
OBJECT BY               
1 60538U 24149BY  24261.48465979  .00032701  00000+0  31806-2 0  9991
2 60538  97.7474 336.4461 0002745  69.3120 290.8393 14.92464185  4224
ICEYE-X43               
1 60539U 24149BZ  24261.88204168  .00012390  00000+0  12086-2 0  9998
2 60539  97.7417 336.8257 0004384  51.4720 308.6892 14.92571447  4770
HAWK-10A                
1 60540U 24149CA  24261.48012309  .00009065  00000+0  88789-3 0  9999
2 60540  97.7528 336.4867 0004838  52.5037 307.6621 14.92492724  4718
UMBRA-09                
1 60541U 24149CB  24262.20908028  .00022104  00000+0  21062-2 0  9992
2 60541  97.7462 337.1855 0003783  56.7436 303.4146 14.93371988  4825
QPS-SAR-8 (AMATERU-IV)  
1 60542U 24149CC  24261.87757609  .00015433  00000+0  14921-2 0  9995
2 60542  97.7454 336.8469 0004606  59.7263 300.4412 14.92873126  4777
OBJECT CD               
1 60543U 24149CD  24261.81156761  .00003057  00000+0  30283-3 0  9991
2 60543  97.7466 336.7831 0005384  68.3039 291.8753 14.92553486  4768
CAPELLA-15 (ACADIA-5)   
1 60544U 24149CE  24261.46595075  .00053785  00000+0  50395-2 0  9996
2 60544  97.7415 336.4472 0004688  48.8083 311.3540 14.93797072  4718
HAWK-10B                
1 60545U 24149CF  24261.07766217  .00001614  00000+0  16335-3 0  9993
2 60545  97.7457 336.0510 0006599  69.9776 290.2153 14.92332293  4657
ICEYE-X39               
1 60546U 24149CG  24261.80720273  .00012249  00000+0  11829-2 0  9995
2 60546  97.7416 336.7701 0005795  58.1956 301.9827 14.92969967  4763
UMBRA-10                
1 60547U 24149CH  24261.80001342  .00026873  00000+0  25348-2 0  9994
2 60547  97.7456 336.7956 0004745  58.9473 301.2212 14.93726148  4771
ICEYE-X33               
1 60548U 24149CJ  24261.46916694  .00027975  00000+0  26744-2 0  9997
2 60548  97.7453 336.4580 0005851  63.1734 297.0083 14.93180563  4713
ICEYE-X40               
1 60549U 24149CK  24261.87174956  .00011920  00000+0  11482-2 0  9996
2 60549  97.7433 336.8455 0006167  60.2972 299.8861 14.93076905  4774
SATELIOT_1              
1 60550U 24149CL  24261.93147186  .00006906  00000+0  66387-3 0  9993
2 60550  97.7381 336.9012 0008319  53.1323 307.0658 14.93310096  4789
BRO-14                  
1 60551U 24149CM  24261.93077519  .00002616  00000+0  25504-3 0  9996
2 60551  97.7499 336.9476 0008340  69.0917 291.1195 14.93306046  4782
SATELIOT_3              
1 60552U 24149CN  24261.92676886  .00007384  00000+0  70532-3 0  9996
2 60552  97.7450 336.9334 0009331  62.0044 298.2118 14.93531418  4784
BRO-15                  
1 60553U 24149CP  24262.19345973  .00002501  00000+0  24250-3 0  9999
2 60553  97.7429 337.1916 0009428  58.9389 301.2755 14.93552276  4825
OBJECT CQ               
1 60554U 24149CQ  24261.78961854  .00011843  00000+0  11200-2 0  9995
2 60554  97.7401 336.7861 0009583  53.0308 307.1788 14.93787320  4763
UM5-EOSAT               
1 60555U 24149CR  24261.78761549  .00012047  00000+0  11360-2 0  9999
2 60555  97.7469 336.8135 0009955  60.5350 299.6862 14.93895737  4766
KANYINI                 
1 60556U 24149CS  24261.87593785  .00016221  00000+0  79847-3 0  9998
2 60556  97.4407 336.9090 0003047  20.8440 339.2917 15.18060304  4867
OBJECT CT               
1 60557U 24149CT  24261.86804039  .00034014  00000+0  16263-2 0  9997
2 60557  97.4349 336.8953 0004521 354.3214   5.7968 15.18911682  4867
FLOCK 4BE-35            
1 60558U 24149CU  24261.91898030  .00017506  00000+0  83309-3 0  9991
2 60558  97.4427 337.0179 0004388  48.8927 311.2685 15.19217887  4874
FLOCK 4BE-5             
1 60559U 24149CV  24261.91748457  .00018057  00000+0  85608-3 0  9995
2 60559  97.4438 337.0226 0004946  48.9279 311.2382 15.19339828  4875
FLOCK 4BE-12            
1 60560U 24149CW  24261.91757155  .00019066  00000+0  90326-3 0  9996
2 60560  97.4376 336.9912 0006518  45.8009 314.3760 15.19345547  4871
FLOCK 4BE-3             
1 60561U 24149CX  24261.91845463  .00018824  00000+0  89332-3 0  9993
2 60561  97.4365 336.9873 0006919  39.1894 320.9840 15.19285623  4879
OBJECT CY               
1 60562U 24149CY  24261.91902541  .00013769  00000+0  65841-3 0  9997
2 60562  97.4431 337.0140 0007409  47.8754 312.3109 15.19088302  4877
FLOCK 4BE-19            
1 60563U 24149CZ  24261.91417325  .00021155  00000+0  99579-3 0  9992
2 60563  97.4382 337.0007 0006804  46.5043 313.6757 15.19543899  4870
OBJECT DA               
1 60564U 24149DA  24262.47510376  .00028567  00000+0  26768-2 0  9998
2 60564  97.7468 337.4553 0000935  36.5599 323.5685 14.93981198  4861
PTD-4 (LISA-T)          
1 60565U 24149DB  24261.87908641  .00027829  00000+0  26604-2 0  9997
2 60565  97.7503 336.8641 0001954  77.7005 282.4433 14.93192139  4777
OBJECT DC               
1 60566U 24149DC  24262.47459953  .00028407  00000+0  26596-2 0  9995
2 60566  97.7469 337.4561 0000928  35.4000 324.7282 14.94015902  4879
OBJECT DD               
1 60567U 24149DD  24262.47440400  .00029693  00000+0  27770-2 0  9996
2 60567  97.7467 337.4560 0000829  36.7618 323.3658 14.94047102  4864
OBJECT DE               
1 60568U 24149DE  24262.47466712  .00028116  00000+0  26333-2 0  9994
2 60568  97.7468 337.4556 0000929  36.1877 323.9406 14.94003248  4863
OBJECT DF               
1 60569U 24149DF  24262.47431696  .00028846  00000+0  26985-2 0  9991
2 60569  97.7468 337.4563 0000845  37.1605 322.9673 14.94044420  4861
OBJECT DG               
1 60570U 24149DG  24262.47471875  .00028551  00000+0  26737-2 0  9994
2 60570  97.7465 337.4558 0000993  36.6233 323.5055 14.94004703  4860
OBJECT DH               
1 60571U 24149DH  24262.47233930  .00041668  00000+0  38663-2 0  9998
2 60571  97.7468 337.4590 0000627   8.5954 351.5277 14.94269696  4863
OBJECT DJ               
1 60572U 24149DJ  24262.47311537  .00029780  00000+0  27767-2 0  9993
2 60572  97.7466 337.4576 0000685  30.3015 329.8244 14.94166563  4862
ION SCV-012             
1 60573U 24149DK  24261.88713661  .00004343  00000+0  43239-3 0  9993
2 60573  97.7446 336.8303 0004593  60.7382 299.4296 14.92125938  4776
GNOMES-5                
1 60574U 24149DL  24261.88261147  .00014550  00000+0  14163-2 0  9995
2 60574  97.7462 336.8430 0003867  67.5312 292.6316 14.92618086  4776
OBJECT DM               
1 60575U 24149DM  24262.15068800  .00004269  00000+0  42171-3 0  9995
2 60575  97.7387 337.0620 0004127  43.8950 316.2596 14.92451562  4814
OBJECT DN               
1 60576U 24149DN  24261.86954465  .00022269  00000+0  21053-2 0  9999
2 60576  97.7449 336.8559 0006112  22.8307 337.3184 14.93673831  4779
OBJECT DP               
1 60577U 24149DP  24261.89451514  .00022376  00000+0  22091-2 0  9992
2 60577  97.7452 336.8220 0003974 110.3168 249.8478 14.91956938  4773
OBJECT DQ               
1 60578U 24149DQ  24261.87450947  .00021931  00000+0  20896-2 0  9997
2 60578  97.7415 336.8331 0005760  31.9540 328.2028 14.93370152  4776
OBJECT DR               
1 60579U 24149DR  24261.89051687  .00022584  00000+0  22166-2 0  9995
2 60579  97.7480 336.8414 0003256  96.4979 263.6611 14.92189503  4778
OBJECT DS               
1 60580U 24149DS  24261.87448612  .00018556  00000+0  17682-2 0  9994
2 60580  97.7448 336.8495 0007013  32.9123 327.2532 14.93398235  4778
